No. of nodes: 799
2050
2052
2053
2054
2057
2060
2061
2062
2066
2071
2072
2073
2075
2076
2078
2080
2081
2084
2085
2088
2089
2090
2093
2097
2100
2101
2104
2107
2108
2109
2111
2124
2126
2127
2136
2137
2142
2145
2146
2150
2151
2152
2158
2162
2164
2166
2168
2169
2170
2171
2172
2174
2177
2182
2184
2188
2189
2190
1001
1002
1003
1004
1005
1006
1007
1008
1009
1010
1011
1012
1013
1014
1015
1016
1017
1018
1019
1020
1021
1022
1023
1024
1025
1026
1027
1028
1029
1030
1031
1032
1033
1034
1035
1036
1037
1038
1039
1040
1041
1042
1043
1044
1045
1046
1047
1048
1049
1050
1051
1052
1053
1054
1055
1056
1057
1058
1059
1060
1061
1062
1063
1064
1065
1066
1067
1068
1069
1070
1071
1072
1073
1074
1075
1076
1077
1078
1079
1080
1081
1082
1083
1084
1085
1086
1087
1088
1089
1090
1091
1092
1093
1094
1096
1097
1098
1099
1100
1101
1102
1103
1104
1105
1106
1107
1108
1109
1110
1111
1112
1113
1114
1115
1116
1117
1118
1120
1121
1122
1123
1124
1125
1126
1127
1128
1129
1130
1131
1132
1133
1134
1135
1136
1137
1138
1139
1140
1141
1142
1143
1144
1145
1146
1147
1148
1149
1151
1152
1153
1154
1155
1156
1157
1158
1159
1160
1161
1162
1163
1164
1165
1166
1167
1168
1171
1172
1173
1175
1176
1177
1178
1179
1180
1181
1182
1183
1184
1185
1186
1187
1188
1189
1190
1191
1192
1193
1194
1195
1196
1197
1198
1199
1200
1201
1202
1203
1204
1205
1206
1207
1208
1209
1210
1211
1212
1213
1214
1215
1216
1217
1218
1219
1220
1222
1223
1224
1225
1226
1227
1228
1230
1231
1232
1234
1235
1236
1237
1238
1239
1240
1241
1242
1243
1244
1245
1246
1247
1248
1249
1250
1251
1252
1253
1254
1255
1256
1258
1259
1260
1261
1262
1263
1264
1265
1266
1267
1268
1269
1270
1272
1273
1274
1275
1276
1278
1282
1283
1285
1286
1287
1288
1289
1290
1291
1292
1293
1294
1295
1296
1298
1300
1301
1302
1303
1304
1305
1306
1307
1308
1309
1310
1311
1312
1313
1314
1315
1316
1317
1318
1319
1320
1322
1323
1324
1325
1326
1327
1328
1329
1330
1331
1332
1333
1335
1336
1337
1338
1339
1340
1341
1342
1343
1344
1346
1347
1348
1349
1350
1351
1352
1353
1354
1355
1356
1357
1358
1359
1362
1363
1364
1366
1367
1369
1370
1372
1373
1374
1375
1376
1377
1379
1380
1381
1382
1383
1385
1387
1388
1389
1390
1391
1392
1393
1395
1396
1397
1398
1400
1405
1406
1410
1411
1412
1417
1419
1420
1421
1422
1423
1424
1425
1426
1427
1428
1429
1430
1431
1432
1433
1434
1436
1437
1438
1439
1440
1441
1443
1444
1445
1446
1447
1449
1450
1451
1452
1453
1454
1456
1457
1458
1460
1461
1462
1463
1464
1465
1466
1469
1470
1471
1472
1473
1474
1475
1476
1480
1481
1482
1483
1484
1485
1488
1489
1493
1495
1497
1498
1499
1500
1501
1502
1503
1504
1505
1506
1508
1510
1511
1513
1514
1515
1517
1518
1519
1520
1521
1522
1523
1524
1525
1528
1529
1530
1531
1533
1534
1535
1537
1539
1540
1541
1542
1543
1544
1545
1546
1549
1550
1551
1552
1553
1554
1555
1557
1558
1559
1562
1565
1566
1567
1568
1569
1570
1571
1572
1573
1574
1575
1576
1579
1580
1581
1582
1584
1585
1588
1591
1592
1594
1595
1596
1597
1598
1599
1600
1601
1602
1604
1606
1608
1609
1611
1612
1614
1616
1617
1623
1624
1626
1627
1629
1632
1633
1634
1635
1638
1640
1644
1645
1646
1647
1648
1649
1651
1656
1657
1658
1659
1660
1664
1666
1668
1669
1671
1672
1673
1676
1678
1679
1684
1686
1688
1689
1690
1691
1692
1694
1696
1698
1701
1702
1703
1708
1710
1716
1717
1720
1722
1723
1724
1725
1728
1729
1731
1732
1733
1735
1739
1740
1743
1747
1748
1749
1750
1752
1753
1754
1755
1757
1758
1759
1762
1763
1764
1765
1766
1767
1769
1770
1771
1772
1774
1775
1776
1777
1778
1780
1783
1784
1785
1786
1788
1789
1790
1793
1798
1800
1801
1802
1803
1804
1807
1808
1809
1811
1813
1816
1817
1818
1821
1822
1824
1827
1828
1829
1830
1832
1833
1835
1836
1837
1838
1839
1845
1846
1849
1855
1857
1858
1859
1861
1862
1863
1864
1865
1866
1870
1871
1873
1874
1875
1877
1879
1881
1882
1886
1887
1891
1899
1901
1903
1906
1907
1914
1916
1917
1921
1925
1927
1930
1932
1933
1935
1939
1942
1944
1946
1949
1950
1951
1953
1955
1956
1959
1960
1961
1962
1966
1969
1970
1971
1975
1977
1978
1980
1986
1990
1991
1995
1998
2000
2001
2003
2008
2012
2014
2017
2021
2023
2024
2025
2026
2027
2028
2031
2034
2036
2039
2043
2047
